     #          A          B      A + B      A - B      A * B
     1   8.000  10.000  18.000  -2.000    80.000
     2  80.000  10.000  90.000  70.000   800.000
     3  80.000 -10.000  70.000  90.000  -800.000
     4 -80.000 -10.000 -90.000 -70.000   800.000
     5 -80.000  10.000 -70.000 -90.000  -800.000
     #          A          B      A + B      A - B      A * B
     1      8.000     10.000     18.000     -2.000     80.000
     2     80.000     10.000     90.000     70.000    800.000
     3    -80.000     10.000    -70.000    -90.000   -800.000
     4    -80.000    -10.000    -90.000    -70.000    800.000
     5     80.000    -10.000     70.000     90.000   -800.000
